{
    "lightingMultiplier": 1.600000023841858,
    "sunDirection": {
        "x": -0.18148477375507356,
        "y": 0.9362437129020691,
        "z": -0.30085086822509768
    },
    "sunAmbience": {
        "x": 0.061500001698732379,
        "y": 0.18449999392032624,
        "z": 0.20000000298023225
    },
    "sunColor": {
        "x": 0.7188000082969666,
        "y": 0.7750999927520752,
        "z": 0.6399999856948853
    },
    "shadowFillColor": {
        "x": 0.7605000138282776,
        "y": 0.5432999730110169,
        "z": 0.4733999967575073
    },
    "specularColor": {
        "x": 1.3920999765396119,
        "y": 0.0,
        "z": 0.0,
        "w": 0.2793999910354614
    },
    "bloom": 0.08374999463558197,
    "fogColor": {
        "x": 0.019999999552965165,
        "y": 0.019999999552965165,
        "z": 0.019999999552965165
    },
    "fogStart": 0.0,
    "fogEnd": 4000.0
}